0.00590037 0.00018401000000000008
0.00590037 0.00018401000000000008
0.00590038 0.00018402000000000002
0.00590039 0.00018402999999999996
0.00590039 0.00018402999999999996
0.0059004 0.0001840399999999999
0.00590041 0.00018404999999999984
0.00590041 0.00018404999999999984
0.00590042 0.00018405999999999978
0.0138008 0.00018400000000000014
0.0138008 0.00018400000000000014
0.0138008 0.00018400000000000014
0.0138008 0.00018400000000000014
0.0138008 0.00018400000000000014
0.0138008 0.00018400000000000014
0.0138008 0.00018400000000000014
0.0138008 0.00018400000000000014
0.0138008 0.00018400000000000014
1.00031 0.000180000000000069
1.00031 0.000180000000000069
1.00031 0.000180000000000069
1.00031 0.000180000000000069
1.00031 0.000180000000000069
1.00031 0.000180000000000069
1.00031 0.000180000000000069
1.00031 0.000180000000000069
1.00031 0.000180000000000069
1.00072 0.0001900000000001345
1.00072 0.0001900000000001345
1.00072 0.0001900000000001345
1.00072 0.0001900000000001345
1.00072 0.0001900000000001345
1.00072 0.0001900000000001345
1.00072 0.0001900000000001345
1.00072 0.0001900000000001345
1.00072 0.0001900000000001345
2.00031 0.00017999999999984695
2.00031 0.00017999999999984695
2.00031 0.00017999999999984695
2.00031 0.00017999999999984695
2.00031 0.00017999999999984695
2.00031 0.00017999999999984695
2.00031 0.00017999999999984695
2.00031 0.00017999999999984695
2.00031 0.00017999999999984695
2.00082 0.00018999999999991246
2.00082 0.00018999999999991246
2.00082 0.00018999999999991246
2.00082 0.00018999999999991246
2.00082 0.00018999999999991246
2.00082 0.00018999999999991246
2.00082 0.00018999999999991246
2.00082 0.00018999999999991246
2.00082 0.00018999999999991246
3.00031 0.00017999999999984695
3.00031 0.00017999999999984695
3.00031 0.00017999999999984695
3.00031 0.00017999999999984695
3.00031 0.00017999999999984695
3.00031 0.00017999999999984695
3.00031 0.00017999999999984695
3.00031 0.00017999999999984695
3.00031 0.00017999999999984695
3.00084 0.00019000000000035655
3.00084 0.00019000000000035655
3.00084 0.00019000000000035655
3.00084 0.00019000000000035655
3.00084 0.00019000000000035655
3.00084 0.00019000000000035655
3.00084 0.00019000000000035655
3.00084 0.00019000000000035655
3.00084 0.00019000000000035655
4.00031 0.00017999999999940286
4.00031 0.00017999999999940286
4.00031 0.00017999999999940286
4.00031 0.00017999999999940286
4.00031 0.00017999999999940286
4.00031 0.00017999999999940286
4.00031 0.00017999999999940286
4.00031 0.00017999999999940286
4.00031 0.00017999999999940286
4.00085 0.00017999999999940286
4.00085 0.00017999999999940286
4.00085 0.00017999999999940286
4.00085 0.00017999999999940286
4.00085 0.00017999999999940286
4.00085 0.00017999999999940286
4.00085 0.00017999999999940286
4.00085 0.00017999999999940286
4.00085 0.00017999999999940286
5.00031 0.00017999999999940286
5.00031 0.00017999999999940286
5.00031 0.00017999999999940286
5.00031 0.00017999999999940286
5.00031 0.00017999999999940286
5.00031 0.00017999999999940286
5.00031 0.00017999999999940286
5.00031 0.00017999999999940286
5.00031 0.00017999999999940286
5.00084 0.00018999999999991246
5.00084 0.00018999999999991246
5.00084 0.00018999999999991246
5.00084 0.00018999999999991246
5.00084 0.00018999999999991246
5.00084 0.00018999999999991246
5.00084 0.00018999999999991246
5.00084 0.00018999999999991246
5.00084 0.00018999999999991246
6.00031 0.00017999999999940286
6.00031 0.00017999999999940286
6.00031 0.00017999999999940286
6.00031 0.00017999999999940286
6.00031 0.00017999999999940286
6.00031 0.00017999999999940286
6.00031 0.00017999999999940286
6.00031 0.00017999999999940286
6.00031 0.00017999999999940286
6.00084 0.00018999999999991246
6.00084 0.00018999999999991246
6.00084 0.00018999999999991246
6.00084 0.00018999999999991246
6.00084 0.00018999999999991246
6.00084 0.00018999999999991246
6.00084 0.00018999999999991246
6.00084 0.00018999999999991246
6.00084 0.00018999999999991246
7.00031 0.00017999999999940286
7.00031 0.00017999999999940286
7.00031 0.00017999999999940286
7.00031 0.00017999999999940286
7.00031 0.00017999999999940286
7.00031 0.00017999999999940286
7.00031 0.00017999999999940286
7.00031 0.00017999999999940286
7.00031 0.00017999999999940286
7.00072 0.00018999999999991246
7.00072 0.00018999999999991246
7.00072 0.00018999999999991246
7.00072 0.00018999999999991246
7.00072 0.00018999999999991246
7.00072 0.00018999999999991246
7.00072 0.00018999999999991246
7.00072 0.00018999999999991246
7.00072 0.00018999999999991246
8.00031 0.00018000000000029104
8.00031 0.00018000000000029104
8.00031 0.00018000000000029104
8.00031 0.00018000000000029104
8.00031 0.00018000000000029104
8.00031 0.00018000000000029104
8.00031 0.00018000000000029104
8.00031 0.00018000000000029104
8.00031 0.00018000000000029104
8.00072 0.00018999999999991246
8.00072 0.00018999999999991246
8.00072 0.00018999999999991246
8.00072 0.00018999999999991246
8.00072 0.00018999999999991246
8.00072 0.00018999999999991246
8.00072 0.00018999999999991246
8.00072 0.00018999999999991246
8.00072 0.00018999999999991246
9.00031 0.00018000000000029104
9.00031 0.00018000000000029104
9.00031 0.00018000000000029104
9.00031 0.00018000000000029104
9.00031 0.00018000000000029104
9.00031 0.00018000000000029104
9.00031 0.00018000000000029104
9.00031 0.00018000000000029104
9.00031 0.00018000000000029104
9.00078 0.00018000000000029104
9.00078 0.00018000000000029104
9.00078 0.00018000000000029104
9.00078 0.00018000000000029104
9.00078 0.00018000000000029104
9.00078 0.00018000000000029104
9.00078 0.00018000000000029104
9.00078 0.00018000000000029104
9.00078 0.00018000000000029104
10.0003 0.00019999999999953388
10.0003 0.00019999999999953388
10.0003 0.00019999999999953388
10.0003 0.00019999999999953388
10.0003 0.00019999999999953388
10.0003 0.00019999999999953388
10.0003 0.00019999999999953388
10.0003 0.00019999999999953388
10.0003 0.00019999999999953388
10.0008 9.999999999976694e-05
10.0008 9.999999999976694e-05
10.0008 9.999999999976694e-05
10.0008 9.999999999976694e-05
10.0008 9.999999999976694e-05
10.0008 9.999999999976694e-05
10.0008 9.999999999976694e-05
10.0008 9.999999999976694e-05
10.0008 9.999999999976694e-05
11.0003 0.00019999999999953388
11.0003 0.00019999999999953388
11.0003 0.00019999999999953388
11.0003 0.00019999999999953388
11.0003 0.00019999999999953388
11.0003 0.00019999999999953388
11.0003 0.00019999999999953388
11.0003 0.00019999999999953388
11.0003 0.00019999999999953388
11.0008 0.00019999999999953388
11.0008 0.00019999999999953388
11.0008 0.00019999999999953388
11.0008 0.00019999999999953388
11.0008 0.00019999999999953388
11.0008 0.00019999999999953388
11.0008 0.00019999999999953388
11.0008 0.00019999999999953388
11.0008 0.00019999999999953388
12.0003 0.00019999999999953388
12.0003 0.00019999999999953388
12.0003 0.00019999999999953388
12.0003 0.00019999999999953388
12.0003 0.00019999999999953388
12.0003 0.00019999999999953388
12.0003 0.00019999999999953388
12.0003 0.00019999999999953388
12.0003 0.00019999999999953388
12.0008 0.00019999999999953388
12.0008 0.00019999999999953388
12.0008 0.00019999999999953388
12.0008 0.00019999999999953388
12.0008 0.00019999999999953388
12.0008 0.00019999999999953388
12.0008 0.00019999999999953388
12.0008 0.00019999999999953388
12.0008 0.00019999999999953388
13.0003 0.00019999999999953388
13.0003 0.00019999999999953388
13.0003 0.00019999999999953388
13.0003 0.00019999999999953388
13.0003 0.00019999999999953388
13.0003 0.00019999999999953388
13.0003 0.00019999999999953388
13.0003 0.00019999999999953388
13.0003 0.00019999999999953388
13.0008 0.00019999999999953388
13.0008 0.00019999999999953388
13.0008 0.00019999999999953388
13.0008 0.00019999999999953388
13.0008 0.00019999999999953388
13.0008 0.00019999999999953388
13.0008 0.00019999999999953388
13.0008 0.00019999999999953388
13.0008 0.00019999999999953388
14.0003 0.00019999999999953388
14.0003 0.00019999999999953388
14.0003 0.00019999999999953388
14.0003 0.00019999999999953388
14.0003 0.00019999999999953388
14.0003 0.00019999999999953388
14.0003 0.00019999999999953388
14.0003 0.00019999999999953388
14.0003 0.00019999999999953388
14.0007 9.999999999976694e-05
14.0007 9.999999999976694e-05
14.0007 9.999999999976694e-05
14.0007 9.999999999976694e-05
14.0007 9.999999999976694e-05
14.0007 9.999999999976694e-05
14.0007 9.999999999976694e-05
14.0007 9.999999999976694e-05
14.0007 9.999999999976694e-05
15.0003 0.00019999999999953388
15.0003 0.00019999999999953388
15.0003 0.00019999999999953388
15.0003 0.00019999999999953388
15.0003 0.00019999999999953388
15.0003 0.00019999999999953388
15.0003 0.00019999999999953388
15.0003 0.00019999999999953388
15.0003 0.00019999999999953388
15.0008 0.00019999999999953388
15.0008 0.00019999999999953388
15.0008 0.00019999999999953388
15.0008 0.00019999999999953388
15.0008 0.00019999999999953388
15.0008 0.00019999999999953388
15.0008 0.00019999999999953388
15.0008 0.00019999999999953388
15.0008 0.00019999999999953388
16.0003 0.00019999999999953388
16.0003 0.00019999999999953388
16.0003 0.00019999999999953388
16.0003 0.00019999999999953388
16.0003 0.00019999999999953388
16.0003 0.00019999999999953388
16.0003 0.00019999999999953388
16.0003 0.00019999999999953388
16.0003 0.00019999999999953388
16.0007 9.999999999976694e-05
16.0007 9.999999999976694e-05
16.0007 9.999999999976694e-05
16.0007 9.999999999976694e-05
16.0007 9.999999999976694e-05
16.0007 9.999999999976694e-05
16.0007 9.999999999976694e-05
16.0007 9.999999999976694e-05
16.0007 9.999999999976694e-05
17.0003 0.00019999999999953388
17.0003 0.00019999999999953388
17.0003 0.00019999999999953388
17.0003 0.00019999999999953388
17.0003 0.00019999999999953388
17.0003 0.00019999999999953388
17.0003 0.00019999999999953388
17.0003 0.00019999999999953388
17.0003 0.00019999999999953388
17.0007 9.999999999976694e-05
17.0007 9.999999999976694e-05
17.0007 9.999999999976694e-05
17.0007 9.999999999976694e-05
17.0007 9.999999999976694e-05
17.0007 9.999999999976694e-05
17.0007 9.999999999976694e-05
17.0007 9.999999999976694e-05
17.0007 9.999999999976694e-05
18.0003 0.00019999999999953388
18.0003 0.00019999999999953388
18.0003 0.00019999999999953388
18.0003 0.00019999999999953388
18.0003 0.00019999999999953388
18.0003 0.00019999999999953388
18.0003 0.00019999999999953388
18.0003 0.00019999999999953388
18.0003 0.00019999999999953388
18.0008 0.0002000000000030866
18.0008 0.0002000000000030866
18.0008 0.0002000000000030866
18.0008 0.0002000000000030866
18.0008 0.0002000000000030866
18.0008 0.0002000000000030866
18.0008 0.0002000000000030866
18.0008 0.0002000000000030866
18.0008 0.0002000000000030866
19.0003 0.00019999999999953388
19.0003 0.00019999999999953388
19.0003 0.00019999999999953388
19.0003 0.00019999999999953388
19.0003 0.00019999999999953388
19.0003 0.00019999999999953388
19.0003 0.00019999999999953388
19.0003 0.00019999999999953388
19.0003 0.00019999999999953388
19.0008 0.0002000000000030866
19.0008 0.0002000000000030866
19.0008 0.0002000000000030866
19.0008 0.0002000000000030866
19.0008 0.0002000000000030866
19.0008 0.0002000000000030866
19.0008 0.0002000000000030866
19.0008 0.0002000000000030866
19.0008 0.0002000000000030866
20.0003 0.00019999999999953388
20.0003 0.00019999999999953388
20.0003 0.00019999999999953388
20.0003 0.00019999999999953388
20.0003 0.00019999999999953388
20.0003 0.00019999999999953388
20.0003 0.00019999999999953388
20.0003 0.00019999999999953388
20.0003 0.00019999999999953388
20.0008 0.0002000000000030866
20.0008 0.0002000000000030866
20.0008 0.0002000000000030866
20.0008 0.0002000000000030866
20.0008 0.0002000000000030866
20.0008 0.0002000000000030866
20.0008 0.0002000000000030866
20.0008 0.0002000000000030866
20.0008 0.0002000000000030866
21.0003 0.00019999999999953388
21.0003 0.00019999999999953388
21.0003 0.00019999999999953388
21.0003 0.00019999999999953388
21.0003 0.00019999999999953388
21.0003 0.00019999999999953388
21.0003 0.00019999999999953388
21.0003 0.00019999999999953388
21.0003 0.00019999999999953388
21.0008 0.0002000000000030866
21.0008 0.0002000000000030866
21.0008 0.0002000000000030866
21.0008 0.0002000000000030866
21.0008 0.0002000000000030866
21.0008 0.0002000000000030866
21.0008 0.0002000000000030866
21.0008 0.0002000000000030866
21.0008 0.0002000000000030866
22.0003 0.00019999999999953388
22.0003 0.00019999999999953388
22.0003 0.00019999999999953388
22.0003 0.00019999999999953388
22.0003 0.00019999999999953388
22.0003 0.00019999999999953388
22.0003 0.00019999999999953388
22.0003 0.00019999999999953388
22.0003 0.00019999999999953388
22.0009 0.0002000000000030866
22.0009 0.0002000000000030866
22.0009 0.0002000000000030866
22.0009 0.0002000000000030866
22.0009 0.0002000000000030866
22.0009 0.0002000000000030866
22.0009 0.0002000000000030866
22.0009 0.0002000000000030866
22.0009 0.0002000000000030866
23.0003 0.00019999999999953388
23.0003 0.00019999999999953388
23.0003 0.00019999999999953388
23.0003 0.00019999999999953388
23.0003 0.00019999999999953388
23.0003 0.00019999999999953388
23.0003 0.00019999999999953388
23.0003 0.00019999999999953388
23.0003 0.00019999999999953388
23.0008 0.00010000000000331966
23.0008 0.00010000000000331966
23.0008 0.00010000000000331966
23.0008 0.00010000000000331966
23.0008 0.00010000000000331966
23.0008 0.00010000000000331966
23.0008 0.00010000000000331966
23.0008 0.00010000000000331966
23.0008 0.00010000000000331966
24.0003 0.00019999999999953388
24.0003 0.00019999999999953388
24.0003 0.00019999999999953388
24.0003 0.00019999999999953388
24.0003 0.00019999999999953388
24.0003 0.00019999999999953388
24.0003 0.00019999999999953388
24.0003 0.00019999999999953388
24.0003 0.00019999999999953388
24.0008 0.00010000000000331966
24.0008 0.00010000000000331966
24.0008 0.00010000000000331966
24.0008 0.00010000000000331966
24.0008 0.00010000000000331966
24.0008 0.00010000000000331966
24.0008 0.00010000000000331966
24.0008 0.00010000000000331966
24.0008 0.00010000000000331966
25.0003 0.00019999999999953388
25.0003 0.00019999999999953388
25.0003 0.00019999999999953388
25.0003 0.00019999999999953388
25.0003 0.00019999999999953388
25.0003 0.00019999999999953388
25.0003 0.00019999999999953388
25.0003 0.00019999999999953388
25.0003 0.00019999999999953388
25.0008 0.0002000000000030866
25.0008 0.0002000000000030866
25.0008 0.0002000000000030866
25.0008 0.0002000000000030866
25.0008 0.0002000000000030866
25.0008 0.0002000000000030866
25.0008 0.0002000000000030866
25.0008 0.0002000000000030866
25.0008 0.0002000000000030866
26.0003 0.00019999999999953388
26.0003 0.00019999999999953388
26.0003 0.00019999999999953388
26.0003 0.00019999999999953388
26.0003 0.00019999999999953388
26.0003 0.00019999999999953388
26.0003 0.00019999999999953388
26.0003 0.00019999999999953388
26.0003 0.00019999999999953388
26.0008 0.0002000000000030866
26.0008 0.0002000000000030866
26.0008 0.0002000000000030866
26.0008 0.0002000000000030866
26.0008 0.0002000000000030866
26.0008 0.0002000000000030866
26.0008 0.0002000000000030866
26.0008 0.0002000000000030866
26.0008 0.0002000000000030866
27.0003 0.00019999999999953388
27.0003 0.00019999999999953388
27.0003 0.00019999999999953388
27.0003 0.00019999999999953388
27.0003 0.00019999999999953388
27.0003 0.00019999999999953388
27.0003 0.00019999999999953388
27.0003 0.00019999999999953388
27.0003 0.00019999999999953388
27.0008 0.00010000000000331966
27.0008 0.00010000000000331966
27.0008 0.00010000000000331966
27.0008 0.00010000000000331966
27.0008 0.00010000000000331966
27.0008 0.00010000000000331966
27.0008 0.00010000000000331966
27.0008 0.00010000000000331966
27.0008 0.00010000000000331966
28.0003 0.00019999999999953388
28.0003 0.00019999999999953388
28.0003 0.00019999999999953388
28.0003 0.00019999999999953388
28.0003 0.00019999999999953388
28.0003 0.00019999999999953388
28.0003 0.00019999999999953388
28.0003 0.00019999999999953388
28.0003 0.00019999999999953388
28.0007 0.00019999999999953388
28.0007 0.00019999999999953388
28.0007 0.00019999999999953388
28.0007 0.00019999999999953388
28.0007 0.00019999999999953388
28.0007 0.00019999999999953388
28.0007 0.00019999999999953388
28.0007 0.00019999999999953388
28.0007 0.00019999999999953388
29.0003 0.00019999999999953388
29.0003 0.00019999999999953388
29.0003 0.00019999999999953388
29.0003 0.00019999999999953388
29.0003 0.00019999999999953388
29.0003 0.00019999999999953388
29.0003 0.00019999999999953388
29.0003 0.00019999999999953388
29.0003 0.00019999999999953388
29.0008 0.00010000000000331966
29.0008 0.00010000000000331966
29.0008 0.00010000000000331966
29.0008 0.00010000000000331966
29.0008 0.00010000000000331966
29.0008 0.00010000000000331966
29.0008 0.00010000000000331966
29.0008 0.00010000000000331966
29.0008 0.00010000000000331966
30.0003 0.00019999999999953388
30.0003 0.00019999999999953388
30.0003 0.00019999999999953388
30.0003 0.00019999999999953388
30.0003 0.00019999999999953388
30.0003 0.00019999999999953388
30.0003 0.00019999999999953388
30.0003 0.00019999999999953388
30.0003 0.00019999999999953388
30.0007 0.00019999999999953388
30.0007 0.00019999999999953388
30.0007 0.00019999999999953388
30.0007 0.00019999999999953388
30.0007 0.00019999999999953388
30.0007 0.00019999999999953388
30.0007 0.00019999999999953388
30.0007 0.00019999999999953388
30.0007 0.00019999999999953388
31.0003 0.00019999999999953388
31.0003 0.00019999999999953388
31.0003 0.00019999999999953388
31.0003 0.00019999999999953388
31.0003 0.00019999999999953388
31.0003 0.00019999999999953388
31.0003 0.00019999999999953388
31.0003 0.00019999999999953388
31.0003 0.00019999999999953388
31.0008 0.00010000000000331966
31.0008 0.00010000000000331966
31.0008 0.00010000000000331966
31.0008 0.00010000000000331966
31.0008 0.00010000000000331966
31.0008 0.00010000000000331966
31.0008 0.00010000000000331966
31.0008 0.00010000000000331966
31.0008 0.00010000000000331966
32.0003 0.00019999999999953388
32.0003 0.00019999999999953388
32.0003 0.00019999999999953388
32.0003 0.00019999999999953388
32.0003 0.00019999999999953388
32.0003 0.00019999999999953388
32.0003 0.00019999999999953388
32.0003 0.00019999999999953388
32.0003 0.00019999999999953388
32.0007 0.00010000000000331966
32.0007 0.00010000000000331966
32.0007 0.00010000000000331966
32.0007 0.00010000000000331966
32.0007 0.00010000000000331966
32.0007 0.00010000000000331966
32.0007 0.00010000000000331966
32.0007 0.00010000000000331966
32.0007 0.00010000000000331966
33.0003 0.00019999999999953388
33.0003 0.00019999999999953388
33.0003 0.00019999999999953388
33.0003 0.00019999999999953388
33.0003 0.00019999999999953388
33.0003 0.00019999999999953388
33.0003 0.00019999999999953388
33.0003 0.00019999999999953388
33.0003 0.00019999999999953388
33.0008 0.00019999999999953388
33.0008 0.00019999999999953388
33.0008 0.00019999999999953388
33.0008 0.00019999999999953388
33.0008 0.00019999999999953388
33.0008 0.00019999999999953388
33.0008 0.00019999999999953388
33.0008 0.00019999999999953388
33.0008 0.00019999999999953388
34.0003 0.00019999999999953388
34.0003 0.00019999999999953388
34.0003 0.00019999999999953388
34.0003 0.00019999999999953388
34.0003 0.00019999999999953388
34.0003 0.00019999999999953388
34.0003 0.00019999999999953388
34.0003 0.00019999999999953388
34.0003 0.00019999999999953388
34.0008 0.00019999999999953388
34.0008 0.00019999999999953388
34.0008 0.00019999999999953388
34.0008 0.00019999999999953388
34.0008 0.00019999999999953388
34.0008 0.00019999999999953388
34.0008 0.00019999999999953388
34.0008 0.00019999999999953388
34.0008 0.00019999999999953388
35.0003 0.00019999999999953388
35.0003 0.00019999999999953388
35.0003 0.00019999999999953388
35.0003 0.00019999999999953388
35.0003 0.00019999999999953388
35.0003 0.00019999999999953388
35.0003 0.00019999999999953388
35.0003 0.00019999999999953388
35.0003 0.00019999999999953388
35.0007 0.00019999999999953388
35.0007 0.00019999999999953388
35.0007 0.00019999999999953388
35.0007 0.00019999999999953388
35.0007 0.00019999999999953388
35.0007 0.00019999999999953388
35.0007 0.00019999999999953388
35.0007 0.00019999999999953388
35.0007 0.00019999999999953388
36.0003 0.00019999999999953388
36.0003 0.00019999999999953388
36.0003 0.00019999999999953388
36.0003 0.00019999999999953388
36.0003 0.00019999999999953388
36.0003 0.00019999999999953388
36.0003 0.00019999999999953388
36.0003 0.00019999999999953388
36.0003 0.00019999999999953388
36.0008 0.00019999999999953388
36.0008 0.00019999999999953388
36.0008 0.00019999999999953388
36.0008 0.00019999999999953388
36.0008 0.00019999999999953388
36.0008 0.00019999999999953388
36.0008 0.00019999999999953388
36.0008 0.00019999999999953388
36.0008 0.00019999999999953388
37.0003 0.00019999999999953388
37.0003 0.00019999999999953388
37.0003 0.00019999999999953388
37.0003 0.00019999999999953388
37.0003 0.00019999999999953388
37.0003 0.00019999999999953388
37.0003 0.00019999999999953388
37.0003 0.00019999999999953388
37.0003 0.00019999999999953388
37.0008 0.00019999999999953388
37.0008 0.00019999999999953388
37.0008 0.00019999999999953388
37.0008 0.00019999999999953388
37.0008 0.00019999999999953388
37.0008 0.00019999999999953388
37.0008 0.00019999999999953388
37.0008 0.00019999999999953388
37.0008 0.00019999999999953388
38.0003 0.00019999999999953388
38.0003 0.00019999999999953388
38.0003 0.00019999999999953388
38.0003 0.00019999999999953388
38.0003 0.00019999999999953388
38.0003 0.00019999999999953388
38.0003 0.00019999999999953388
38.0003 0.00019999999999953388
38.0003 0.00019999999999953388
38.0008 0.00019999999999953388
38.0008 0.00019999999999953388
38.0008 0.00019999999999953388
38.0008 0.00019999999999953388
38.0008 0.00019999999999953388
38.0008 0.00019999999999953388
38.0008 0.00019999999999953388
38.0008 0.00019999999999953388
38.0008 0.00019999999999953388
39.0003 0.00019999999999953388
39.0003 0.00019999999999953388
39.0003 0.00019999999999953388
39.0003 0.00019999999999953388
39.0003 0.00019999999999953388
39.0003 0.00019999999999953388
39.0003 0.00019999999999953388
39.0003 0.00019999999999953388
39.0003 0.00019999999999953388
39.0007 0.00019999999999953388
39.0007 0.00019999999999953388
39.0007 0.00019999999999953388
39.0007 0.00019999999999953388
39.0007 0.00019999999999953388
39.0007 0.00019999999999953388
39.0007 0.00019999999999953388
39.0007 0.00019999999999953388
39.0007 0.00019999999999953388
40.0003 0.00019999999999953388
40.0003 0.00019999999999953388
40.0003 0.00019999999999953388
40.0003 0.00019999999999953388
40.0003 0.00019999999999953388
40.0003 0.00019999999999953388
40.0003 0.00019999999999953388
40.0003 0.00019999999999953388
40.0003 0.00019999999999953388
40.0008 0.00019999999999953388
40.0008 0.00019999999999953388
40.0008 0.00019999999999953388
40.0008 0.00019999999999953388
40.0008 0.00019999999999953388
40.0008 0.00019999999999953388
40.0008 0.00019999999999953388
40.0008 0.00019999999999953388
40.0008 0.00019999999999953388
41.0003 0.00019999999999953388
41.0003 0.00019999999999953388
41.0003 0.00019999999999953388
41.0003 0.00019999999999953388
41.0003 0.00019999999999953388
41.0003 0.00019999999999953388
41.0003 0.00019999999999953388
41.0003 0.00019999999999953388
41.0003 0.00019999999999953388
41.0008 0.00019999999999953388
41.0008 0.00019999999999953388
41.0008 0.00019999999999953388
41.0008 0.00019999999999953388
41.0008 0.00019999999999953388
41.0008 0.00019999999999953388
41.0008 0.00019999999999953388
41.0008 0.00019999999999953388
41.0008 0.00019999999999953388
42.0003 0.00019999999999953388
42.0003 0.00019999999999953388
42.0003 0.00019999999999953388
42.0003 0.00019999999999953388
42.0003 0.00019999999999953388
42.0003 0.00019999999999953388
42.0003 0.00019999999999953388
42.0003 0.00019999999999953388
42.0003 0.00019999999999953388
42.0008 0.00019999999999953388
42.0008 0.00019999999999953388
42.0008 0.00019999999999953388
42.0008 0.00019999999999953388
42.0008 0.00019999999999953388
42.0008 0.00019999999999953388
42.0008 0.00019999999999953388
42.0008 0.00019999999999953388
42.0008 0.00019999999999953388
43.0003 0.00019999999999953388
43.0003 0.00019999999999953388
43.0003 0.00019999999999953388
43.0003 0.00019999999999953388
43.0003 0.00019999999999953388
43.0003 0.00019999999999953388
43.0003 0.00019999999999953388
43.0003 0.00019999999999953388
43.0003 0.00019999999999953388
43.0008 0.00019999999999953388
43.0008 0.00019999999999953388
43.0008 0.00019999999999953388
43.0008 0.00019999999999953388
43.0008 0.00019999999999953388
43.0008 0.00019999999999953388
43.0008 0.00019999999999953388
43.0008 0.00019999999999953388
43.0008 0.00019999999999953388
44.0003 0.00019999999999953388
44.0003 0.00019999999999953388
44.0003 0.00019999999999953388
44.0003 0.00019999999999953388
44.0003 0.00019999999999953388
44.0003 0.00019999999999953388
44.0003 0.00019999999999953388
44.0003 0.00019999999999953388
44.0003 0.00019999999999953388
44.0007 0.00010000000000331966
44.0007 0.00010000000000331966
44.0007 0.00010000000000331966
44.0007 0.00010000000000331966
44.0007 0.00010000000000331966
44.0007 0.00010000000000331966
44.0007 0.00010000000000331966
44.0007 0.00010000000000331966
44.0007 0.00010000000000331966
45.0003 0.00019999999999953388
45.0003 0.00019999999999953388
45.0003 0.00019999999999953388
45.0003 0.00019999999999953388
45.0003 0.00019999999999953388
45.0003 0.00019999999999953388
45.0003 0.00019999999999953388
45.0003 0.00019999999999953388
45.0003 0.00019999999999953388
45.0008 0.00019999999999953388
45.0008 0.00019999999999953388
45.0008 0.00019999999999953388
45.0008 0.00019999999999953388
45.0008 0.00019999999999953388
45.0008 0.00019999999999953388
45.0008 0.00019999999999953388
45.0008 0.00019999999999953388
45.0008 0.00019999999999953388
46.0003 0.00019999999999953388
46.0003 0.00019999999999953388
46.0003 0.00019999999999953388
46.0003 0.00019999999999953388
46.0003 0.00019999999999953388
46.0003 0.00019999999999953388
46.0003 0.00019999999999953388
46.0003 0.00019999999999953388
46.0003 0.00019999999999953388
46.0007 0.00010000000000331966
46.0007 0.00010000000000331966
46.0007 0.00010000000000331966
46.0007 0.00010000000000331966
46.0007 0.00010000000000331966
46.0007 0.00010000000000331966
46.0007 0.00010000000000331966
46.0007 0.00010000000000331966
46.0007 0.00010000000000331966
47.0003 0.00019999999999953388
47.0003 0.00019999999999953388
47.0003 0.00019999999999953388
47.0003 0.00019999999999953388
47.0003 0.00019999999999953388
47.0003 0.00019999999999953388
47.0003 0.00019999999999953388
47.0003 0.00019999999999953388
47.0003 0.00019999999999953388
47.0008 0.00019999999999953388
47.0008 0.00019999999999953388
47.0008 0.00019999999999953388
47.0008 0.00019999999999953388
47.0008 0.00019999999999953388
47.0008 0.00019999999999953388
47.0008 0.00019999999999953388
47.0008 0.00019999999999953388
47.0008 0.00019999999999953388
48.0003 0.00019999999999953388
48.0003 0.00019999999999953388
48.0003 0.00019999999999953388
48.0003 0.00019999999999953388
48.0003 0.00019999999999953388
48.0003 0.00019999999999953388
48.0003 0.00019999999999953388
48.0003 0.00019999999999953388
48.0003 0.00019999999999953388
48.0008 9.999999999621423e-05
48.0008 9.999999999621423e-05
48.0008 9.999999999621423e-05
48.0008 9.999999999621423e-05
48.0008 9.999999999621423e-05
48.0008 9.999999999621423e-05
48.0008 9.999999999621423e-05
48.0008 9.999999999621423e-05
48.0008 9.999999999621423e-05
49.0003 0.00019999999999953388
49.0003 0.00019999999999953388
49.0003 0.00019999999999953388
49.0003 0.00019999999999953388
49.0003 0.00019999999999953388
49.0003 0.00019999999999953388
49.0003 0.00019999999999953388
49.0003 0.00019999999999953388
49.0003 0.00019999999999953388
49.0008 0.00019999999999953388
49.0008 0.00019999999999953388
49.0008 0.00019999999999953388
49.0008 0.00019999999999953388
49.0008 0.00019999999999953388
49.0008 0.00019999999999953388
49.0008 0.00019999999999953388
49.0008 0.00019999999999953388
49.0008 0.00019999999999953388
50.0003 0.00019999999999953388
50.0003 0.00019999999999953388
50.0003 0.00019999999999953388
50.0003 0.00019999999999953388
50.0003 0.00019999999999953388
50.0003 0.00019999999999953388
50.0003 0.00019999999999953388
50.0003 0.00019999999999953388
50.0003 0.00019999999999953388
50.0008 0.00019999999999953388
50.0008 0.00019999999999953388
50.0008 0.00019999999999953388
50.0008 0.00019999999999953388
50.0008 0.00019999999999953388
50.0008 0.00019999999999953388
50.0008 0.00019999999999953388
50.0008 0.00019999999999953388
50.0008 0.00019999999999953388
51.0003 0.00019999999999953388
51.0003 0.00019999999999953388
51.0003 0.00019999999999953388
51.0003 0.00019999999999953388
51.0003 0.00019999999999953388
51.0003 0.00019999999999953388
51.0003 0.00019999999999953388
51.0003 0.00019999999999953388
51.0003 0.00019999999999953388
51.0007 0.00019999999999953388
51.0007 0.00019999999999953388
51.0007 0.00019999999999953388
51.0007 0.00019999999999953388
51.0007 0.00019999999999953388
51.0007 0.00019999999999953388
51.0007 0.00019999999999953388
51.0007 0.00019999999999953388
51.0007 0.00019999999999953388
52.0003 0.00019999999999953388
52.0003 0.00019999999999953388
52.0003 0.00019999999999953388
52.0003 0.00019999999999953388
52.0003 0.00019999999999953388
52.0003 0.00019999999999953388
52.0003 0.00019999999999953388
52.0003 0.00019999999999953388
52.0003 0.00019999999999953388
52.0008 9.999999999621423e-05
52.0008 9.999999999621423e-05
52.0008 9.999999999621423e-05
52.0008 9.999999999621423e-05
52.0008 9.999999999621423e-05
52.0008 9.999999999621423e-05
52.0008 9.999999999621423e-05
52.0008 9.999999999621423e-05
52.0008 9.999999999621423e-05
53.0003 0.00019999999999953388
53.0003 0.00019999999999953388
53.0003 0.00019999999999953388
53.0003 0.00019999999999953388
53.0003 0.00019999999999953388
53.0003 0.00019999999999953388
53.0003 0.00019999999999953388
53.0003 0.00019999999999953388
53.0003 0.00019999999999953388
53.0008 0.00019999999999953388
53.0008 0.00019999999999953388
53.0008 0.00019999999999953388
53.0008 0.00019999999999953388
53.0008 0.00019999999999953388
53.0008 0.00019999999999953388
53.0008 0.00019999999999953388
53.0008 0.00019999999999953388
53.0008 0.00019999999999953388
54.0003 0.00019999999999953388
54.0003 0.00019999999999953388
54.0003 0.00019999999999953388
54.0003 0.00019999999999953388
54.0003 0.00019999999999953388
54.0003 0.00019999999999953388
54.0003 0.00019999999999953388
54.0003 0.00019999999999953388
54.0003 0.00019999999999953388
54.0008 0.00019999999999953388
54.0008 0.00019999999999953388
54.0008 0.00019999999999953388
54.0008 0.00019999999999953388
54.0008 0.00019999999999953388
54.0008 0.00019999999999953388
54.0008 0.00019999999999953388
54.0008 0.00019999999999953388
54.0008 0.00019999999999953388
55.0003 0.00019999999999953388
55.0003 0.00019999999999953388
55.0003 0.00019999999999953388
55.0003 0.00019999999999953388
55.0003 0.00019999999999953388
55.0003 0.00019999999999953388
55.0003 0.00019999999999953388
55.0003 0.00019999999999953388
55.0003 0.00019999999999953388
55.0007 0.00019999999999953388
55.0007 0.00019999999999953388
55.0007 0.00019999999999953388
55.0007 0.00019999999999953388
55.0007 0.00019999999999953388
55.0007 0.00019999999999953388
55.0007 0.00019999999999953388
55.0007 0.00019999999999953388
55.0007 0.00019999999999953388
56.0003 0.00019999999999953388
56.0003 0.00019999999999953388
56.0003 0.00019999999999953388
56.0003 0.00019999999999953388
56.0003 0.00019999999999953388
56.0003 0.00019999999999953388
56.0003 0.00019999999999953388
56.0003 0.00019999999999953388
56.0003 0.00019999999999953388
56.0008 0.00019999999999953388
56.0008 0.00019999999999953388
56.0008 0.00019999999999953388
56.0008 0.00019999999999953388
56.0008 0.00019999999999953388
56.0008 0.00019999999999953388
56.0008 0.00019999999999953388
56.0008 0.00019999999999953388
56.0008 0.00019999999999953388
57.0003 0.00019999999999953388
57.0003 0.00019999999999953388
57.0003 0.00019999999999953388
57.0003 0.00019999999999953388
57.0003 0.00019999999999953388
57.0003 0.00019999999999953388
57.0003 0.00019999999999953388
57.0003 0.00019999999999953388
57.0003 0.00019999999999953388
57.0007 0.00019999999999953388
57.0007 0.00019999999999953388
57.0007 0.00019999999999953388
57.0007 0.00019999999999953388
57.0007 0.00019999999999953388
57.0007 0.00019999999999953388
57.0007 0.00019999999999953388
57.0007 0.00019999999999953388
57.0007 0.00019999999999953388
58.0003 0.00019999999999953388
58.0003 0.00019999999999953388
58.0003 0.00019999999999953388
58.0003 0.00019999999999953388
58.0003 0.00019999999999953388
58.0003 0.00019999999999953388
58.0003 0.00019999999999953388
58.0003 0.00019999999999953388
58.0003 0.00019999999999953388
58.0008 0.00019999999999953388
58.0008 0.00019999999999953388
58.0008 0.00019999999999953388
58.0008 0.00019999999999953388
58.0008 0.00019999999999953388
58.0008 0.00019999999999953388
58.0008 0.00019999999999953388
58.0008 0.00019999999999953388
58.0008 0.00019999999999953388
59.0003 0.00019999999999953388
59.0003 0.00019999999999953388
59.0003 0.00019999999999953388
59.0003 0.00019999999999953388
59.0003 0.00019999999999953388
59.0003 0.00019999999999953388
59.0003 0.00019999999999953388
59.0003 0.00019999999999953388
59.0003 0.00019999999999953388
59.0007 0.00010000000000331966
59.0007 0.00010000000000331966
59.0007 0.00010000000000331966
59.0007 0.00010000000000331966
59.0007 0.00010000000000331966
59.0007 0.00010000000000331966
59.0007 0.00010000000000331966
59.0007 0.00010000000000331966
59.0007 0.00010000000000331966
60.0003 0.00019999999999953388
60.0003 0.00019999999999953388
60.0003 0.00019999999999953388
60.0003 0.00019999999999953388
60.0003 0.00019999999999953388
60.0003 0.00019999999999953388
60.0003 0.00019999999999953388
60.0003 0.00019999999999953388
60.0003 0.00019999999999953388
60.0009 0.00019999999999953388
60.0009 0.00019999999999953388
60.0009 0.00019999999999953388
60.0009 0.00019999999999953388
60.0009 0.00019999999999953388
60.0009 0.00019999999999953388
60.0009 0.00019999999999953388
60.0009 0.00019999999999953388
60.0009 0.00019999999999953388
61.0003 0.00019999999999953388
61.0003 0.00019999999999953388
61.0003 0.00019999999999953388
61.0003 0.00019999999999953388
61.0003 0.00019999999999953388
61.0003 0.00019999999999953388
61.0003 0.00019999999999953388
61.0003 0.00019999999999953388
61.0003 0.00019999999999953388
61.0007 0.00010000000000331966
61.0007 0.00010000000000331966
61.0007 0.00010000000000331966
61.0007 0.00010000000000331966
61.0007 0.00010000000000331966
61.0007 0.00010000000000331966
61.0007 0.00010000000000331966
61.0007 0.00010000000000331966
61.0007 0.00010000000000331966
62.0003 0.00019999999999953388
62.0003 0.00019999999999953388
62.0003 0.00019999999999953388
62.0003 0.00019999999999953388
62.0003 0.00019999999999953388
62.0003 0.00019999999999953388
62.0003 0.00019999999999953388
62.0003 0.00019999999999953388
62.0003 0.00019999999999953388
62.0008 0.00019999999999953388
62.0008 0.00019999999999953388
62.0008 0.00019999999999953388
62.0008 0.00019999999999953388
62.0008 0.00019999999999953388
62.0008 0.00019999999999953388
62.0008 0.00019999999999953388
62.0008 0.00019999999999953388
62.0008 0.00019999999999953388
63.0003 0.00019999999999953388
63.0003 0.00019999999999953388
63.0003 0.00019999999999953388
63.0003 0.00019999999999953388
63.0003 0.00019999999999953388
63.0003 0.00019999999999953388
63.0003 0.00019999999999953388
63.0003 0.00019999999999953388
63.0003 0.00019999999999953388
63.0008 0.00019999999999953388
63.0008 0.00019999999999953388
63.0008 0.00019999999999953388
63.0008 0.00019999999999953388
63.0008 0.00019999999999953388
63.0008 0.00019999999999953388
63.0008 0.00019999999999953388
63.0008 0.00019999999999953388
63.0008 0.00019999999999953388
64.0003 0.00019999999999242846
64.0003 0.00019999999999242846
64.0003 0.00019999999999242846
64.0003 0.00019999999999242846
64.0003 0.00019999999999242846
64.0003 0.00019999999999242846
64.0003 0.00019999999999242846
64.0003 0.00019999999999242846
64.0003 0.00019999999999242846
64.0008 0.00019999999999242846
64.0008 0.00019999999999242846
64.0008 0.00019999999999242846
64.0008 0.00019999999999242846
64.0008 0.00019999999999242846
64.0008 0.00019999999999242846
64.0008 0.00019999999999242846
64.0008 0.00019999999999242846
64.0008 0.00019999999999242846
65.0003 0.00019999999999242846
65.0003 0.00019999999999242846
65.0003 0.00019999999999242846
65.0003 0.00019999999999242846
65.0003 0.00019999999999242846
65.0003 0.00019999999999242846
65.0003 0.00019999999999242846
65.0003 0.00019999999999242846
65.0003 0.00019999999999242846
65.0008 0.00019999999999242846
65.0008 0.00019999999999242846
65.0008 0.00019999999999242846
65.0008 0.00019999999999242846
65.0008 0.00019999999999242846
65.0008 0.00019999999999242846
65.0008 0.00019999999999242846
65.0008 0.00019999999999242846
65.0008 0.00019999999999242846
66.0003 0.00019999999999242846
66.0003 0.00019999999999242846
66.0003 0.00019999999999242846
66.0003 0.00019999999999242846
66.0003 0.00019999999999242846
66.0003 0.00019999999999242846
66.0003 0.00019999999999242846
66.0003 0.00019999999999242846
66.0003 0.00019999999999242846
66.0007 9.99999999891088e-05
66.0007 9.99999999891088e-05
66.0007 9.99999999891088e-05
66.0007 9.99999999891088e-05
66.0007 9.99999999891088e-05
66.0007 9.99999999891088e-05
66.0007 9.99999999891088e-05
66.0007 9.99999999891088e-05
66.0007 9.99999999891088e-05
67.0003 0.00019999999999242846
67.0003 0.00019999999999242846
67.0003 0.00019999999999242846
67.0003 0.00019999999999242846
67.0003 0.00019999999999242846
67.0003 0.00019999999999242846
67.0003 0.00019999999999242846
67.0003 0.00019999999999242846
67.0003 0.00019999999999242846
67.0008 0.00010000000000331966
67.0008 0.00010000000000331966
67.0008 0.00010000000000331966
67.0008 0.00010000000000331966
67.0008 0.00010000000000331966
67.0008 0.00010000000000331966
67.0008 0.00010000000000331966
67.0008 0.00010000000000331966
67.0008 0.00010000000000331966
68.0003 0.00019999999999242846
68.0003 0.00019999999999242846
68.0003 0.00019999999999242846
68.0003 0.00019999999999242846
68.0003 0.00019999999999242846
68.0003 0.00019999999999242846
68.0003 0.00019999999999242846
68.0003 0.00019999999999242846
68.0003 0.00019999999999242846
68.0008 0.00019999999999242846
68.0008 0.00019999999999242846
68.0008 0.00019999999999242846
68.0008 0.00019999999999242846
68.0008 0.00019999999999242846
68.0008 0.00019999999999242846
68.0008 0.00019999999999242846
68.0008 0.00019999999999242846
68.0008 0.00019999999999242846
69.0003 0.00019999999999242846
69.0003 0.00019999999999242846
69.0003 0.00019999999999242846
69.0003 0.00019999999999242846
69.0003 0.00019999999999242846
69.0003 0.00019999999999242846
69.0003 0.00019999999999242846
69.0003 0.00019999999999242846
69.0003 0.00019999999999242846
69.0008 0.00019999999999242846
69.0008 0.00019999999999242846
69.0008 0.00019999999999242846
69.0008 0.00019999999999242846
69.0008 0.00019999999999242846
69.0008 0.00019999999999242846
69.0008 0.00019999999999242846
69.0008 0.00019999999999242846
69.0008 0.00019999999999242846
70.0003 0.00019999999999242846
70.0003 0.00019999999999242846
70.0003 0.00019999999999242846
70.0003 0.00019999999999242846
70.0003 0.00019999999999242846
70.0003 0.00019999999999242846
70.0003 0.00019999999999242846
70.0003 0.00019999999999242846
70.0003 0.00019999999999242846
70.0008 0.00019999999999242846
70.0008 0.00019999999999242846
70.0008 0.00019999999999242846
70.0008 0.00019999999999242846
70.0008 0.00019999999999242846
70.0008 0.00019999999999242846
70.0008 0.00019999999999242846
70.0008 0.00019999999999242846
70.0008 0.00019999999999242846
71.0003 0.00019999999999242846
71.0003 0.00019999999999242846
71.0003 0.00019999999999242846
71.0003 0.00019999999999242846
71.0003 0.00019999999999242846
71.0003 0.00019999999999242846
71.0003 0.00019999999999242846
71.0003 0.00019999999999242846
71.0003 0.00019999999999242846
71.0008 0.00010000000000331966
71.0008 0.00010000000000331966
71.0008 0.00010000000000331966
71.0008 0.00010000000000331966
71.0008 0.00010000000000331966
71.0008 0.00010000000000331966
71.0008 0.00010000000000331966
71.0008 0.00010000000000331966
71.0008 0.00010000000000331966
72.0003 0.00019999999999242846
72.0003 0.00019999999999242846
72.0003 0.00019999999999242846
72.0003 0.00019999999999242846
72.0003 0.00019999999999242846
72.0003 0.00019999999999242846
72.0003 0.00019999999999242846
72.0003 0.00019999999999242846
72.0003 0.00019999999999242846
72.0007 9.99999999891088e-05
72.0007 9.99999999891088e-05
72.0007 9.99999999891088e-05
72.0007 9.99999999891088e-05
72.0007 9.99999999891088e-05
72.0007 9.99999999891088e-05
72.0007 9.99999999891088e-05
72.0007 9.99999999891088e-05
72.0007 9.99999999891088e-05
73.0003 0.00019999999999242846
73.0003 0.00019999999999242846
73.0003 0.00019999999999242846
73.0003 0.00019999999999242846
73.0003 0.00019999999999242846
73.0003 0.00019999999999242846
73.0003 0.00019999999999242846
73.0003 0.00019999999999242846
73.0003 0.00019999999999242846
73.0008 0.00019999999999242846
73.0008 0.00019999999999242846
73.0008 0.00019999999999242846
73.0008 0.00019999999999242846
73.0008 0.00019999999999242846
73.0008 0.00019999999999242846
73.0008 0.00019999999999242846
73.0008 0.00019999999999242846
73.0008 0.00019999999999242846
74.0003 0.00019999999999242846
74.0003 0.00019999999999242846
74.0003 0.00019999999999242846
74.0003 0.00019999999999242846
74.0003 0.00019999999999242846
74.0003 0.00019999999999242846
74.0003 0.00019999999999242846
74.0003 0.00019999999999242846
74.0003 0.00019999999999242846
74.0008 0.00019999999999242846
74.0008 0.00019999999999242846
74.0008 0.00019999999999242846
74.0008 0.00019999999999242846
74.0008 0.00019999999999242846
74.0008 0.00019999999999242846
74.0008 0.00019999999999242846
74.0008 0.00019999999999242846
74.0008 0.00019999999999242846
75.0003 0.00019999999999242846
75.0003 0.00019999999999242846
75.0003 0.00019999999999242846
75.0003 0.00019999999999242846
75.0003 0.00019999999999242846
75.0003 0.00019999999999242846
75.0003 0.00019999999999242846
75.0003 0.00019999999999242846
75.0003 0.00019999999999242846
75.0008 0.00019999999999242846
75.0008 0.00019999999999242846
75.0008 0.00019999999999242846
75.0008 0.00019999999999242846
75.0008 0.00019999999999242846
75.0008 0.00019999999999242846
75.0008 0.00019999999999242846
75.0008 0.00019999999999242846
75.0008 0.00019999999999242846
76.0003 0.00019999999999242846
76.0003 0.00019999999999242846
76.0003 0.00019999999999242846
76.0003 0.00019999999999242846
76.0003 0.00019999999999242846
76.0003 0.00019999999999242846
76.0003 0.00019999999999242846
76.0003 0.00019999999999242846
76.0003 0.00019999999999242846
76.0008 0.00019999999999242846
76.0008 0.00019999999999242846
76.0008 0.00019999999999242846
76.0008 0.00019999999999242846
76.0008 0.00019999999999242846
76.0008 0.00019999999999242846
76.0008 0.00019999999999242846
76.0008 0.00019999999999242846
76.0008 0.00019999999999242846
77.0003 0.00019999999999242846
77.0003 0.00019999999999242846
77.0003 0.00019999999999242846
77.0003 0.00019999999999242846
77.0003 0.00019999999999242846
77.0003 0.00019999999999242846
77.0003 0.00019999999999242846
77.0003 0.00019999999999242846
77.0003 0.00019999999999242846
77.0008 0.00019999999999242846
77.0008 0.00019999999999242846
77.0008 0.00019999999999242846
77.0008 0.00019999999999242846
77.0008 0.00019999999999242846
77.0008 0.00019999999999242846
77.0008 0.00019999999999242846
77.0008 0.00019999999999242846
77.0008 0.00019999999999242846
78.0003 0.00019999999999242846
78.0003 0.00019999999999242846
78.0003 0.00019999999999242846
78.0003 0.00019999999999242846
78.0003 0.00019999999999242846
78.0003 0.00019999999999242846
78.0003 0.00019999999999242846
78.0003 0.00019999999999242846
78.0003 0.00019999999999242846
78.0008 0.00019999999999242846
78.0008 0.00019999999999242846
78.0008 0.00019999999999242846
78.0008 0.00019999999999242846
78.0008 0.00019999999999242846
78.0008 0.00019999999999242846
78.0008 0.00019999999999242846
78.0008 0.00019999999999242846
78.0008 0.00019999999999242846
79.0003 0.00019999999999242846
79.0003 0.00019999999999242846
79.0003 0.00019999999999242846
79.0003 0.00019999999999242846
79.0003 0.00019999999999242846
79.0003 0.00019999999999242846
79.0003 0.00019999999999242846
79.0003 0.00019999999999242846
79.0003 0.00019999999999242846
79.0008 0.00019999999999242846
79.0008 0.00019999999999242846
79.0008 0.00019999999999242846
79.0008 0.00019999999999242846
79.0008 0.00019999999999242846
79.0008 0.00019999999999242846
79.0008 0.00019999999999242846
79.0008 0.00019999999999242846
79.0008 0.00019999999999242846
80.0003 0.00019999999999242846
80.0003 0.00019999999999242846
80.0003 0.00019999999999242846
80.0003 0.00019999999999242846
80.0003 0.00019999999999242846
80.0003 0.00019999999999242846
80.0003 0.00019999999999242846
80.0003 0.00019999999999242846
80.0003 0.00019999999999242846
80.0008 0.00010000000000331966
80.0008 0.00010000000000331966
80.0008 0.00010000000000331966
80.0008 0.00010000000000331966
80.0008 0.00010000000000331966
80.0008 0.00010000000000331966
80.0008 0.00010000000000331966
80.0008 0.00010000000000331966
80.0008 0.00010000000000331966
81.0003 0.00019999999999242846
81.0003 0.00019999999999242846
81.0003 0.00019999999999242846
81.0003 0.00019999999999242846
81.0003 0.00019999999999242846
81.0003 0.00019999999999242846
81.0003 0.00019999999999242846
81.0003 0.00019999999999242846
81.0003 0.00019999999999242846
81.0008 0.00019999999999242846
81.0008 0.00019999999999242846
81.0008 0.00019999999999242846
81.0008 0.00019999999999242846
81.0008 0.00019999999999242846
81.0008 0.00019999999999242846
81.0008 0.00019999999999242846
81.0008 0.00019999999999242846
81.0008 0.00019999999999242846
82.0003 0.00019999999999242846
82.0003 0.00019999999999242846
82.0003 0.00019999999999242846
82.0003 0.00019999999999242846
82.0003 0.00019999999999242846
82.0003 0.00019999999999242846
82.0003 0.00019999999999242846
82.0003 0.00019999999999242846
82.0003 0.00019999999999242846
82.0008 0.00010000000000331966
82.0008 0.00010000000000331966
82.0008 0.00010000000000331966
82.0008 0.00010000000000331966
82.0008 0.00010000000000331966
82.0008 0.00010000000000331966
82.0008 0.00010000000000331966
82.0008 0.00010000000000331966
82.0008 0.00010000000000331966
83.0003 0.00019999999999242846
83.0003 0.00019999999999242846
83.0003 0.00019999999999242846
83.0003 0.00019999999999242846
83.0003 0.00019999999999242846
83.0003 0.00019999999999242846
83.0003 0.00019999999999242846
83.0003 0.00019999999999242846
83.0003 0.00019999999999242846
83.0008 0.00019999999999242846
83.0008 0.00019999999999242846
83.0008 0.00019999999999242846
83.0008 0.00019999999999242846
83.0008 0.00019999999999242846
83.0008 0.00019999999999242846
83.0008 0.00019999999999242846
83.0008 0.00019999999999242846
83.0008 0.00019999999999242846
84.0003 0.00019999999999242846
84.0003 0.00019999999999242846
84.0003 0.00019999999999242846
84.0003 0.00019999999999242846
84.0003 0.00019999999999242846
84.0003 0.00019999999999242846
84.0003 0.00019999999999242846
84.0003 0.00019999999999242846
84.0003 0.00019999999999242846
84.0008 0.00019999999999242846
84.0008 0.00019999999999242846
84.0008 0.00019999999999242846
84.0008 0.00019999999999242846
84.0008 0.00019999999999242846
84.0008 0.00019999999999242846
84.0008 0.00019999999999242846
84.0008 0.00019999999999242846
84.0008 0.00019999999999242846
85.0003 0.00019999999999242846
85.0003 0.00019999999999242846
85.0003 0.00019999999999242846
85.0003 0.00019999999999242846
85.0003 0.00019999999999242846
85.0003 0.00019999999999242846
85.0003 0.00019999999999242846
85.0003 0.00019999999999242846
85.0003 0.00019999999999242846
85.0008 0.00019999999999242846
85.0008 0.00019999999999242846
85.0008 0.00019999999999242846
85.0008 0.00019999999999242846
85.0008 0.00019999999999242846
85.0008 0.00019999999999242846
85.0008 0.00019999999999242846
85.0008 0.00019999999999242846
85.0008 0.00019999999999242846
86.0003 0.00019999999999242846
86.0003 0.00019999999999242846
86.0003 0.00019999999999242846
86.0003 0.00019999999999242846
86.0003 0.00019999999999242846
86.0003 0.00019999999999242846
86.0003 0.00019999999999242846
86.0003 0.00019999999999242846
86.0003 0.00019999999999242846
86.0008 0.00019999999999242846
86.0008 0.00019999999999242846
86.0008 0.00019999999999242846
86.0008 0.00019999999999242846
86.0008 0.00019999999999242846
86.0008 0.00019999999999242846
86.0008 0.00019999999999242846
86.0008 0.00019999999999242846
86.0008 0.00019999999999242846
87.0003 0.00019999999999242846
87.0003 0.00019999999999242846
87.0003 0.00019999999999242846
87.0003 0.00019999999999242846
87.0003 0.00019999999999242846
87.0003 0.00019999999999242846
87.0003 0.00019999999999242846
87.0003 0.00019999999999242846
87.0003 0.00019999999999242846
87.0008 0.00019999999999242846
87.0008 0.00019999999999242846
87.0008 0.00019999999999242846
87.0008 0.00019999999999242846
87.0008 0.00019999999999242846
87.0008 0.00019999999999242846
87.0008 0.00019999999999242846
87.0008 0.00019999999999242846
87.0008 0.00019999999999242846
88.0003 0.00019999999999242846
88.0003 0.00019999999999242846
88.0003 0.00019999999999242846
88.0003 0.00019999999999242846
88.0003 0.00019999999999242846
88.0003 0.00019999999999242846
88.0003 0.00019999999999242846
88.0003 0.00019999999999242846
88.0003 0.00019999999999242846
88.0008 0.00019999999999242846
88.0008 0.00019999999999242846
88.0008 0.00019999999999242846
88.0008 0.00019999999999242846
88.0008 0.00019999999999242846
88.0008 0.00019999999999242846
88.0008 0.00019999999999242846
88.0008 0.00019999999999242846
88.0008 0.00019999999999242846
89.0003 0.00019999999999242846
89.0003 0.00019999999999242846
89.0003 0.00019999999999242846
89.0003 0.00019999999999242846
89.0003 0.00019999999999242846
89.0003 0.00019999999999242846
89.0003 0.00019999999999242846
89.0003 0.00019999999999242846
89.0003 0.00019999999999242846
89.0007 9.99999999891088e-05
89.0007 9.99999999891088e-05
89.0007 9.99999999891088e-05
89.0007 9.99999999891088e-05
89.0007 9.99999999891088e-05
89.0007 9.99999999891088e-05
89.0007 9.99999999891088e-05
89.0007 9.99999999891088e-05
89.0007 9.99999999891088e-05
90.0003 0.00019999999999242846
90.0003 0.00019999999999242846
90.0003 0.00019999999999242846
90.0003 0.00019999999999242846
90.0003 0.00019999999999242846
90.0003 0.00019999999999242846
90.0003 0.00019999999999242846
90.0003 0.00019999999999242846
90.0003 0.00019999999999242846
90.0008 0.00019999999999242846
90.0008 0.00019999999999242846
90.0008 0.00019999999999242846
90.0008 0.00019999999999242846
90.0008 0.00019999999999242846
90.0008 0.00019999999999242846
90.0008 0.00019999999999242846
90.0008 0.00019999999999242846
90.0008 0.00019999999999242846
91.0003 0.00019999999999242846
91.0003 0.00019999999999242846
91.0003 0.00019999999999242846
91.0003 0.00019999999999242846
91.0003 0.00019999999999242846
91.0003 0.00019999999999242846
91.0003 0.00019999999999242846
91.0003 0.00019999999999242846
91.0003 0.00019999999999242846
91.0008 0.00019999999999242846
91.0008 0.00019999999999242846
91.0008 0.00019999999999242846
91.0008 0.00019999999999242846
91.0008 0.00019999999999242846
91.0008 0.00019999999999242846
91.0008 0.00019999999999242846
91.0008 0.00019999999999242846
91.0008 0.00019999999999242846
92.0003 0.00019999999999242846
92.0003 0.00019999999999242846
92.0003 0.00019999999999242846
92.0003 0.00019999999999242846
92.0003 0.00019999999999242846
92.0003 0.00019999999999242846
92.0003 0.00019999999999242846
92.0003 0.00019999999999242846
92.0003 0.00019999999999242846
92.0007 0.00019999999999242846
92.0007 0.00019999999999242846
92.0007 0.00019999999999242846
92.0007 0.00019999999999242846
92.0007 0.00019999999999242846
92.0007 0.00019999999999242846
92.0007 0.00019999999999242846
92.0007 0.00019999999999242846
92.0007 0.00019999999999242846
93.0003 0.00019999999999242846
93.0003 0.00019999999999242846
93.0003 0.00019999999999242846
93.0003 0.00019999999999242846
93.0003 0.00019999999999242846
93.0003 0.00019999999999242846
93.0003 0.00019999999999242846
93.0003 0.00019999999999242846
93.0003 0.00019999999999242846
93.0008 0.00019999999999242846
93.0008 0.00019999999999242846
93.0008 0.00019999999999242846
93.0008 0.00019999999999242846
93.0008 0.00019999999999242846
93.0008 0.00019999999999242846
93.0008 0.00019999999999242846
93.0008 0.00019999999999242846
93.0008 0.00019999999999242846
94.0003 0.00019999999999242846
94.0003 0.00019999999999242846
94.0003 0.00019999999999242846
94.0003 0.00019999999999242846
94.0003 0.00019999999999242846
94.0003 0.00019999999999242846
94.0003 0.00019999999999242846
94.0003 0.00019999999999242846
94.0003 0.00019999999999242846
94.0008 0.00019999999999242846
94.0008 0.00019999999999242846
94.0008 0.00019999999999242846
94.0008 0.00019999999999242846
94.0008 0.00019999999999242846
94.0008 0.00019999999999242846
94.0008 0.00019999999999242846
94.0008 0.00019999999999242846
94.0008 0.00019999999999242846
95.0003 0.00019999999999242846
95.0003 0.00019999999999242846
95.0003 0.00019999999999242846
95.0003 0.00019999999999242846
95.0003 0.00019999999999242846
95.0003 0.00019999999999242846
95.0003 0.00019999999999242846
95.0003 0.00019999999999242846
95.0003 0.00019999999999242846
95.0007 0.00019999999999242846
95.0007 0.00019999999999242846
95.0007 0.00019999999999242846
95.0007 0.00019999999999242846
95.0007 0.00019999999999242846
95.0007 0.00019999999999242846
95.0007 0.00019999999999242846
95.0007 0.00019999999999242846
95.0007 0.00019999999999242846
96.0003 0.00019999999999242846
96.0003 0.00019999999999242846
96.0003 0.00019999999999242846
96.0003 0.00019999999999242846
96.0003 0.00019999999999242846
96.0003 0.00019999999999242846
96.0003 0.00019999999999242846
96.0003 0.00019999999999242846
96.0003 0.00019999999999242846
96.0008 0.00019999999999242846
96.0008 0.00019999999999242846
96.0008 0.00019999999999242846
96.0008 0.00019999999999242846
96.0008 0.00019999999999242846
96.0008 0.00019999999999242846
96.0008 0.00019999999999242846
96.0008 0.00019999999999242846
96.0008 0.00019999999999242846
97.0003 0.00019999999999242846
97.0003 0.00019999999999242846
97.0003 0.00019999999999242846
97.0003 0.00019999999999242846
97.0003 0.00019999999999242846
97.0003 0.00019999999999242846
97.0003 0.00019999999999242846
97.0003 0.00019999999999242846
97.0003 0.00019999999999242846
97.0008 0.00019999999999242846
97.0008 0.00019999999999242846
97.0008 0.00019999999999242846
97.0008 0.00019999999999242846
97.0008 0.00019999999999242846
97.0008 0.00019999999999242846
97.0008 0.00019999999999242846
97.0008 0.00019999999999242846
97.0008 0.00019999999999242846
98.0003 0.00019999999999242846
98.0003 0.00019999999999242846
98.0003 0.00019999999999242846
98.0003 0.00019999999999242846
98.0003 0.00019999999999242846
98.0003 0.00019999999999242846
98.0003 0.00019999999999242846
98.0003 0.00019999999999242846
98.0003 0.00019999999999242846
98.0008 0.00010000000000331966
98.0008 0.00010000000000331966
98.0008 0.00010000000000331966
98.0008 0.00010000000000331966
98.0008 0.00010000000000331966
98.0008 0.00010000000000331966
98.0008 0.00010000000000331966
98.0008 0.00010000000000331966
98.0008 0.00010000000000331966
99.0003 0.00019999999999242846
99.0003 0.00019999999999242846
99.0003 0.00019999999999242846
99.0003 0.00019999999999242846
99.0003 0.00019999999999242846
99.0003 0.00019999999999242846
99.0003 0.00019999999999242846
99.0003 0.00019999999999242846
99.0003 0.00019999999999242846
99.0008 0.00010000000000331966
99.0008 0.00010000000000331966
99.0008 0.00010000000000331966
99.0008 0.00010000000000331966
99.0008 0.00010000000000331966
99.0008 0.00010000000000331966
99.0008 0.00010000000000331966
99.0008 0.00010000000000331966
99.0008 0.00010000000000331966
